date,confirmed,newconfirmed,deaths,newdeaths,ziekenhuis,newziekenhuis,ic,newic
1/22/20,0,,0,,,,,
1/23/20,0,0,0,0,,,,
1/24/20,0,0,0,0,,,,
1/25/20,0,0,0,0,,,,
1/26/20,0,0,0,0,,,,
1/27/20,0,0,0,0,,,,
1/28/20,0,0,0,0,,,,
1/29/20,0,0,0,0,,,,
1/30/20,0,0,0,0,,,,
1/31/20,0,0,0,0,,,,
2/1/20,0,0,0,0,,,,
2/2/20,0,0,0,0,,,,
2/3/20,0,0,0,0,,,,
2/4/20,0,0,0,0,,,,
2/5/20,0,0,0,0,,,,
2/6/20,0,0,0,0,,,,
2/7/20,0,0,0,0,,,,
2/8/20,0,0,0,0,,,,
2/9/20,0,0,0,0,,,,
2/10/20,0,0,0,0,,,,
2/11/20,0,0,0,0,,,,
2/12/20,0,0,0,0,,,,
2/13/20,0,0,0,0,,,,
2/14/20,0,0,0,0,,,,
2/15/20,0,0,0,0,,,,
2/16/20,0,0,0,0,,,,
2/17/20,0,0,0,0,,,,
2/18/20,0,0,0,0,,,,
2/19/20,0,0,0,0,,,,
2/20/20,0,0,0,0,,,,
2/21/20,0,0,0,0,,,,
2/22/20,0,0,0,0,,,,
2/23/20,0,0,0,0,,,,
2/24/20,0,0,0,0,,,,
2/25/20,0,0,0,0,,,,
2/26/20,0,0,0,0,,,,
2/27/20,1,1,0,0,,,,
2/28/20,1,0,0,0,,,,
2/29/20,6,5,0,0,,,,
3/1/20,10,4,0,0,,,,
3/2/20,18,8,0,0,,,,
3/3/20,24,6,0,0,,,,
3/4/20,38,14,0,0,,,,
3/5/20,82,44,0,0,,,,
3/6/20,128,46,1,1,,,,
3/7/20,188,60,1,0,,,,
3/8/20,265,77,3,2,,,,
3/9/20,321,56,3,0,,,,
3/10/20,382,61,4,1,,,,
3/11/20,503,121,5,1,,,,
3/12/20,614,111,5,0,86,,,
3/13/20,804,190,10,5,115,29,,
3/14/20,959,155,12,2,136,21,45,
3/15/20,1135,176,20,8,162,26,55,10
3/16/20,1413,278,24,4,205,43,96,41
3/17/20,1705,292,43,19,314,109,135,39
3/18/20,2051,346,58,15,408,94,171,36
3/19/20,2460,409,76,18,489,81,210,39
3/20/20,2994,534,106,30,643,154,281,71
3/21/20,3631,637,136,30,836,193,354,73
3/22/20,4204,573,179,43,988,152,405,51
3/23/20,4749,545,213,34,1230,242,487,82
3/24/20,5560,811,276,63,1495,265,546,59
3/25/20,6412,852,356,80,1836,341,644,98
3/26/20,7431,1019,434,78,2151,315,761,117
3/27/20,8603,1172,546,112,2500,349,873,112
3/28/20,9762,1159,639,93,2954,454,905,32
3/29/20,10866,1104,771,132,3483,529,970,65
